105
0.000 0.000 0.000 3.000 0.000 1.000 1.621 2.524 -1.000
0.000 0.000 0.000 2.866 0.887 1.000 0.802 2.891 -1.000
0.000 0.000 0.000 2.476 1.694 1.000 -0.088 2.999 -1.000
0.000 0.000 0.000 1.865 2.350 1.000 -0.970 2.839 -1.000
0.000 0.000 0.000 1.087 2.796 1.000 -1.766 2.425 -1.000
0.000 0.000 0.000 0.212 2.992 1.000 -2.403 1.795 -1.000
0.000 0.000 0.000 -0.682 2.922 1.000 -2.827 1.005 -1.000
0.000 0.000 0.000 -1.515 2.590 1.000 -2.997 0.125 -1.000
0.000 0.000 0.000 -2.212 2.026 1.000 -2.900 -0.767 -1.000
0.000 0.000 0.000 -2.712 1.282 1.000 -2.544 -1.590 -1.000
0.000 0.000 0.000 -2.970 0.423 1.000 -1.961 -2.270 -1.000
0.000 0.000 0.000 -2.962 -0.473 1.000 -1.202 -2.748 -1.000
0.000 0.000 0.000 -2.690 -1.328 1.000 -0.336 -2.981 -1.000
0.000 0.000 0.000 -2.178 -2.063 1.000 0.560 -2.947 -1.000
0.000 0.000 0.000 -1.471 -2.615 1.000 1.406 -2.650 -1.000
0.000 0.000 0.000 -0.632 -2.933 1.000 2.126 -2.117 -1.000
0.000 0.000 0.000 0.262 -2.988 1.000 2.657 -1.394 -1.000
0.000 0.000 0.000 1.134 -2.777 1.000 2.950 -0.546 -1.000
0.000 0.000 0.000 1.904 -2.318 1.000 2.980 0.350 -1.000
0.000 0.000 0.000 2.504 -1.652 1.000 2.743 1.215 -1.000
0.000 0.000 5.000 4.000 0.000 5.000 0.000 4.000 5.000
0.000 0.000 5.800 4.000 0.000 5.800 0.000 4.000 5.800
0.000 0.000 6.600 4.000 0.000 6.600 0.000 4.000 6.600
0.000 0.000 7.400 4.000 0.000 7.400 0.000 4.000 7.400
0.000 0.000 8.200 4.000 0.000 8.200 0.000 4.000 8.200
0.000 0.000 9.000 4.000 0.000 9.000 0.000 4.000 9.000
0.000 0.000 9.800 4.000 0.000 9.800 0.000 4.000 9.800
0.000 0.000 10.600 4.000 0.000 10.600 0.000 4.000 10.600
0.000 0.000 11.400 4.000 0.000 11.400 0.000 4.000 11.400
0.000 0.000 12.200 4.000 0.000 12.200 0.000 4.000 12.200
0.000 0.000 13.000 4.000 0.000 13.000 0.000 4.000 13.000
0.000 0.000 13.800 4.000 0.000 13.800 0.000 4.000 13.800
0.000 0.000 14.600 4.000 0.000 14.600 0.000 4.000 14.600
0.000 0.000 15.400 4.000 0.000 15.400 0.000 4.000 15.400
0.000 0.000 16.200 4.000 0.000 16.200 0.000 4.000 16.200
1.000 1.000 4.500 1.000 1.000 17.000 1.300 1.000 17.000
40.000 40.000 0.000 42.000 40.000 0.000 40.000 42.000 0.000
52.000 40.000 0.000 54.000 40.000 0.000 52.000 42.000 0.000
64.000 40.000 0.000 66.000 40.000 0.000 64.000 42.000 0.000
76.000 40.000 0.000 78.000 40.000 0.000 76.000 42.000 0.000
88.000 40.000 0.000 90.000 40.000 0.000 88.000 42.000 0.000
40.000 52.000 0.000 42.000 52.000 0.000 40.000 54.000 0.000
52.000 52.000 0.000 54.000 52.000 0.000 52.000 54.000 0.000
64.000 52.000 0.000 66.000 52.000 0.000 64.000 54.000 0.000
76.000 52.000 0.000 78.000 52.000 0.000 76.000 54.000 0.000
88.000 52.000 0.000 90.000 52.000 0.000 88.000 54.000 0.000
40.000 64.000 0.000 42.000 64.000 0.000 40.000 66.000 0.000
52.000 64.000 0.000 54.000 64.000 0.000 52.000 66.000 0.000
64.000 64.000 0.000 66.000 64.000 0.000 64.000 66.000 0.000
76.000 64.000 0.000 78.000 64.000 0.000 76.000 66.000 0.000
88.000 64.000 0.000 90.000 64.000 0.000 88.000 66.000 0.000
40.000 76.000 0.000 42.000 76.000 0.000 40.000 78.000 0.000
52.000 76.000 0.000 54.000 76.000 0.000 52.000 78.000 0.000
64.000 76.000 0.000 66.000 76.000 0.000 64.000 78.000 0.000
76.000 76.000 0.000 78.000 76.000 0.000 76.000 78.000 0.000
88.000 76.000 0.000 90.000 76.000 0.000 88.000 78.000 0.000
40.000 88.000 0.000 42.000 88.000 0.000 40.000 90.000 0.000
52.000 88.000 0.000 54.000 88.000 0.000 52.000 90.000 0.000
64.000 88.000 0.000 66.000 88.000 0.000 64.000 90.000 0.000
76.000 88.000 0.000 78.000 88.000 0.000 76.000 90.000 0.000
88.000 88.000 0.000 90.000 88.000 0.000 88.000 90.000 0.000
-20.000 0.000 0.000 -19.000 0.000 0.000 -18.000 0.000 0.000
-20.000 1.000 0.000 -19.000 1.000 0.000 -18.000 1.000 0.000
-10.000 -5.000 -5.000 -10.000 5.000 -5.000 -10.000 0.000 5.000
-13.000 0.000 0.000 -7.000 0.000 0.000 -10.000 0.000 3.000
6.705 -27.081 29.311 10.719 -30.978 27.782 5.544 -30.188 28.283
-28.138 -19.747 40.032 -26.551 -21.031 41.331 -27.219 -19.028 37.429
25.013 -7.719 23.405 29.276 -8.426 23.000 30.271 -10.533 23.095
20.228 8.339 43.126 18.132 5.848 43.330 18.161 4.717 44.519
6.398 -9.508 33.725 9.029 -7.455 29.132 9.516 -10.130 30.382
30.479 10.457 38.364 27.746 5.593 35.601 27.978 6.666 39.366
21.956 -8.632 39.416 21.171 -12.640 40.031 21.159 -10.612 42.050
-5.979 -19.295 47.209 -8.378 -16.076 51.679 -6.503 -19.460 49.216
31.932 -1.184 50.457 30.858 1.969 47.733 30.613 -0.584 48.741
-4.196 27.232 44.347 -0.301 29.452 45.066 -1.943 27.883 44.193
15.933 -0.634 42.304 12.868 4.937 45.631 17.741 1.208 40.706
22.597 24.232 24.133 24.276 24.587 22.421 22.979 25.407 24.804
-3.232 -19.085 35.049 -1.641 -16.393 35.807 -4.506 -19.566 34.527
-11.394 2.724 27.690 -11.341 7.731 29.061 -12.290 3.727 27.917
-16.720 -22.225 49.773 -15.301 -23.919 45.647 -17.559 -22.520 47.868
11.335 9.818 48.561 15.915 8.894 47.666 13.436 9.933 48.196
-12.844 25.698 30.597 -12.016 27.412 36.108 -12.453 27.488 31.292
-3.510 -17.901 34.943 -2.270 -15.471 31.761 -1.323 -14.431 35.004
2.126 15.917 25.119 3.599 14.592 21.987 3.851 13.122 26.760
-22.439 28.217 23.455 -22.143 25.366 24.745 -22.077 28.214 23.120
-2.238 3.246 36.981 -6.414 4.395 36.714 -6.047 3.917 37.195
-22.671 -5.063 48.233 -27.056 0.097 52.239 -23.372 -3.286 47.900
22.948 13.136 35.397 21.927 11.009 39.331 22.658 10.018 36.043
-22.949 4.499 26.392 -22.772 1.777 28.102 -21.146 5.270 25.724
-2.959 -12.577 18.678 -3.138 -13.089 19.672 -7.527 -15.948 22.405
24.731 0.624 42.803 23.085 5.129 46.815 26.400 5.129 43.298
-12.723 -24.394 44.127 -17.101 -21.253 45.591 -12.171 -21.968 45.692
-25.928 16.007 32.150 -26.648 12.795 31.690 -30.864 16.427 32.117
-17.823 20.767 32.175 -19.512 17.154 32.779 -14.468 21.797 32.484
8.706 -3.384 47.127 11.311 -7.948 52.210 7.082 -8.369 49.042
13.781 -11.868 38.646 12.241 -9.927 35.196 16.266 -10.949 39.503
11.937 11.223 29.908 13.400 12.326 32.245 13.319 9.093 30.377
-6.333 -9.619 24.883 -3.439 -11.568 22.624 -5.568 -15.258 22.540
-4.417 4.452 37.923 -4.368 7.206 41.417 -6.189 2.308 39.734
9.483 -8.852 42.901 6.171 -12.742 43.022 7.827 -7.790 41.990
-3.955 7.752 24.297 -4.197 4.819 27.339 -3.513 5.425 25.384
-22.145 25.973 37.629 -19.708 29.286 36.544 -16.519 28.051 38.239
23.514 8.743 41.865 25.869 8.221 41.426 22.041 5.243 42.404
14.596 -1.257 37.517 14.579 0.196 39.043 13.779 -0.334 39.966
12.641 -26.652 30.469 11.906 -23.717 32.732 13.558 -24.006 33.822
